1 0.015625 0.091796875 0.021875 0.0390625
1 0.5296875 0.2978515625 0.01875 0.029296875
1 0.45859375 0.3857421875 0.0328125 0.041015625
1 0.89921875 0.0146484375 0.0203125 0.029296875
1 0.90546875 0.1474609375 0.0203125 0.037109375
1 0.759375 0.255859375 0.021875 0.05078125
1 0.71875 0.4521484375 0.03125 0.041015625
1 0.57265625 0.4375 0.0171875 0.03515625
1 0.54375 0.4482421875 0.01875 0.041015625
1 0.553125 0.490234375 0.028125 0.0390625
1 0.55625 0.53515625 0.01875 0.0234375
1 0.7015625 0.591796875 0.028125 0.046875
