1 0.4015625 0.4990234375 0.015625 0.052734375
1 0.4421875 0.5546875 0.0125 0.04296875
1 0.4640625 0.5576171875 0.0125 0.048828125
1 0.4796875 0.548828125 0.0125 0.04296875
1 0.49609375 0.53515625 0.0140625 0.04296875
1 0.67890625 0.3876953125 0.0109375 0.041015625
1 0.75078125 0.4140625 0.0140625 0.03515625
1 0.59921875 0.7294921875 0.0171875 0.044921875
1 0.7234375 0.4150390625 0.009375 0.048828125
1 0.79375 0.396484375 0.0125 0.0390625
1 0.73125 0.4189453125 0.009375 0.041015625
1 0.778125 0.3994140625 0.009375 0.041015625
