1 0.8515625 0.27734375 0.028125 0.0390625
1 0.7640625 0.2451171875 0.025 0.048828125
1 0.71171875 0.27734375 0.0203125 0.046875
1 0.73046875 0.34765625 0.0203125 0.04296875
1 0.5546875 0.7158203125 0.021875 0.029296875
1 0.53046875 0.642578125 0.0171875 0.02734375
1 0.490625 0.7080078125 0.021875 0.041015625
1 0.49921875 0.65234375 0.0140625 0.0390625
1 0.4625 0.609375 0.021875 0.0390625
1 0.44609375 0.6142578125 0.0265625 0.044921875
1 0.46640625 0.66015625 0.0265625 0.046875
1 0.44765625 0.662109375 0.0171875 0.0390625
5 0.02890625 0.1240234375 0.0578125 0.087890625
5 0.04296875 0.07421875 0.0859375 0.09375
5 0.0765625 0.0361328125 0.096875 0.072265625
