1 0.32734375 0.5380859375 0.0171875 0.052734375
1 0.34609375 0.6220703125 0.0140625 0.056640625
1 0.36640625 0.6455078125 0.0140625 0.048828125
1 0.41640625 0.6298828125 0.0140625 0.056640625
1 0.425 0.7294921875 0.0125 0.048828125
1 0.4375 0.6552734375 0.01875 0.068359375
1 0.58046875 0.73046875 0.0140625 0.0625
1 0.52265625 0.763671875 0.0140625 0.0546875
1 0.7125 0.3623046875 0.015625 0.044921875
1 0.73984375 0.3125 0.0109375 0.0390625
1 0.75078125 0.388671875 0.0109375 0.04296875
1 0.78046875 0.3974609375 0.0203125 0.041015625
