1 0.16328125 0.1796875 0.0140625 0.0390625
1 0.40546875 0.1689453125 0.0109375 0.037109375
1 0.41640625 0.1806640625 0.0109375 0.029296875
1 0.43515625 0.103515625 0.0109375 0.0390625
1 0.47421875 0.3544921875 0.0140625 0.037109375
1 0.77578125 0.755859375 0.0140625 0.0390625
1 0.63046875 0.7001953125 0.0171875 0.044921875
1 0.771875 0.65625 0.0125 0.03515625
1 0.78203125 0.654296875 0.0109375 0.0390625
1 0.79296875 0.650390625 0.0109375 0.0390625
1 0.87734375 0.583984375 0.0171875 0.046875
1 0.7625 0.4921875 0.015625 0.0390625
1 0.76171875 0.529296875 0.0171875 0.03515625
1 0.6484375 0.5546875 0.015625 0.0390625
1 0.534375 0.583984375 0.015625 0.04296875
1 0.52265625 0.455078125 0.0140625 0.0390625
1 0.5 0.4609375 0.015625 0.0390625
1 0.584375 0.3896484375 0.009375 0.037109375
1 0.671875 0.3603515625 0.009375 0.033203125
1 0.878125 0.0390625 0.015625 0.05078125
1 0.859375 0.0234375 0.015625 0.04296875
1 0.83828125 0.021484375 0.0140625 0.0390625
