5 0.47265625 0.8525390625 0.2015625 0.111328125
1 0.690625 0.3310546875 0.04375 0.060546875
1 0.865625 0.4921875 0.046875 0.0625
1 0.9375 0.5693359375 0.04375 0.052734375
5 0.415625 0.3330078125 0.0375 0.095703125
5 0.4515625 0.3271484375 0.034375 0.080078125
5 0.4984375 0.328125 0.034375 0.07421875
5 0.5515625 0.3359375 0.034375 0.07421875
5 0.60390625 0.3349609375 0.0265625 0.048828125
5 0.6328125 0.3310546875 0.015625 0.037109375
5 0.74765625 0.31640625 0.0234375 0.05859375
5 0.7703125 0.3134765625 0.021875 0.056640625
