5 0.54453125 0.8076171875 0.0359375 0.076171875
5 0.59453125 0.8271484375 0.0265625 0.072265625
5 0.62890625 0.876953125 0.0640625 0.09375
5 0.68671875 0.939453125 0.0578125 0.0859375
5 0.7359375 0.96875 0.040625 0.05859375
5 0.55546875 0.724609375 0.0703125 0.0859375
5 0.515625 0.6953125 0.0625 0.0859375
5 0.4703125 0.6591796875 0.0625 0.064453125
5 0.584375 0.66015625 0.046875 0.0703125
5 0.56484375 0.646484375 0.0546875 0.06640625
5 0.53359375 0.634765625 0.0546875 0.06640625
5 0.5046875 0.6181640625 0.059375 0.072265625
5 0.45859375 0.56640625 0.0546875 0.04296875
5 0.44296875 0.5341796875 0.0546875 0.044921875
5 0.41015625 0.5146484375 0.0546875 0.044921875
5 0.359375 0.4716796875 0.05625 0.048828125
5 0.3421875 0.44921875 0.046875 0.04296875
5 0.11015625 0.2890625 0.0515625 0.0390625
5 0.15859375 0.3056640625 0.0328125 0.037109375
5 0.07421875 0.259765625 0.0515625 0.0546875
5 0.03515625 0.2626953125 0.0515625 0.064453125
5 0.0578125 0.220703125 0.059375 0.04296875
5 0.0875 0.197265625 0.05625 0.03515625
5 0.13359375 0.935546875 0.1203125 0.125
5 0.06015625 0.8623046875 0.1203125 0.119140625
5 0.240625 0.978515625 0.08125 0.0390625
