5 0.81328125 0.1630859375 0.0984375 0.166015625
5 0.615625 0.6845703125 0.103125 0.177734375
5 0.09375 0.4619140625 0.059375 0.037109375
5 0.1 0.5185546875 0.05 0.033203125
5 0.12265625 0.61328125 0.0546875 0.03515625
5 0.1328125 0.65234375 0.053125 0.03515625
5 0.14765625 0.7158203125 0.0578125 0.044921875
5 0.1578125 0.7470703125 0.053125 0.037109375
5 0.10625 0.7734375 0.040625 0.0703125
5 0.0453125 0.7919921875 0.046875 0.068359375
5 0.14453125 0.84765625 0.0640625 0.05859375
5 0.1484375 0.8740234375 0.053125 0.044921875
5 0.15390625 0.90234375 0.0640625 0.05078125
5 0.16171875 0.9423828125 0.0671875 0.052734375
5 0.171875 0.9794921875 0.059375 0.033203125
