1 0.321875 0.73828125 0.0125 0.046875
1 0.33203125 0.7509765625 0.0140625 0.048828125
1 0.58046875 0.62890625 0.0140625 0.04296875
1 0.6015625 0.611328125 0.015625 0.04296875
1 0.62578125 0.5400390625 0.0140625 0.033203125
1 0.6375 0.583984375 0.009375 0.03515625
1 0.39765625 0.76953125 0.0203125 0.0546875
1 0.65078125 0.5986328125 0.0109375 0.037109375
1 0.66328125 0.5986328125 0.0109375 0.037109375
1 0.4375 0.80859375 0.015625 0.03515625
1 0.459375 0.7880859375 0.0125 0.029296875
1 0.4796875 0.7734375 0.0125 0.03515625
