1 0.23046875 0.1669921875 0.0140625 0.033203125
1 0.2484375 0.1708984375 0.0125 0.033203125
1 0.33203125 0.2392578125 0.0140625 0.037109375
1 0.30625 0.2587890625 0.015625 0.037109375
1 0.44609375 0.10546875 0.0109375 0.03515625
1 0.42421875 0.4208984375 0.0140625 0.037109375
1 0.3359375 0.95703125 0.015625 0.0390625
1 0.85 0.6103515625 0.015625 0.041015625
1 0.74296875 0.568359375 0.0109375 0.0390625
1 0.73203125 0.572265625 0.0109375 0.03125
1 0.72265625 0.57421875 0.0109375 0.0390625
1 0.7796875 0.505859375 0.015625 0.03515625
1 0.6484375 0.5712890625 0.015625 0.041015625
1 0.59609375 0.466796875 0.0171875 0.0390625
1 0.49921875 0.4716796875 0.0140625 0.037109375
1 0.47890625 0.3701171875 0.0140625 0.037109375
1 0.91015625 0.033203125 0.0140625 0.03515625
