1 0.490625 0.8046875 0.025 0.06640625
1 0.04296875 0.71484375 0.0234375 0.0625
5 0.31953125 0.431640625 0.1109375 0.0546875
5 0.15625 0.1962890625 0.121875 0.064453125
5 0.19296875 0.130859375 0.0921875 0.046875
5 0.45703125 0.095703125 0.1015625 0.0546875
5 0.565625 0.1044921875 0.103125 0.056640625
5 0.4921875 0.0263671875 0.1 0.052734375
5 0.8078125 0.044921875 0.1 0.0546875
5 0.7984375 0.142578125 0.084375 0.05859375
5 0.79375 0.1943359375 0.1 0.056640625
5 0.903125 0.0927734375 0.078125 0.037109375
5 0.89765625 0.130859375 0.0640625 0.03515625
5 0.88515625 0.2109375 0.0796875 0.04296875
5 0.88203125 0.2568359375 0.0859375 0.041015625
5 0.87890625 0.2978515625 0.0890625 0.033203125
5 0.86796875 0.333984375 0.0828125 0.04296875
