5 0.01953125 0.8173828125 0.0390625 0.130859375
5 0.2609375 0.5458984375 0.06875 0.119140625
5 0.40390625 0.5068359375 0.0734375 0.123046875
5 0.621875 0.34375 0.075 0.109375
5 0.73046875 0.6044921875 0.0734375 0.099609375
5 0.3953125 0.2216796875 0.0625 0.091796875
5 0.315625 0.25 0.0625 0.0859375
5 0.08515625 0.2392578125 0.0546875 0.080078125
5 0.19375 0.2021484375 0.05625 0.087890625
5 0.321875 0.1611328125 0.053125 0.076171875
5 0.37109375 0.138671875 0.0640625 0.0859375
5 0.43359375 0.1171875 0.0484375 0.0703125
5 0.55234375 0.0888671875 0.0609375 0.083984375
5 0.603125 0.0703125 0.053125 0.08203125
5 0.01796875 0.0458984375 0.0328125 0.044921875
5 0.03984375 0.04296875 0.0421875 0.05859375
5 0.2234375 0.0107421875 0.025 0.021484375
5 0.24921875 0.0078125 0.0203125 0.015625
