5 0.515625 0.56640625 0.034375 0.03515625
5 0.20546875 0.2861328125 0.0359375 0.037109375
5 0.21484375 0.30078125 0.0390625 0.0390625
5 0.2359375 0.3212890625 0.0375 0.044921875
5 0.24765625 0.33984375 0.0390625 0.04296875
5 0.25625 0.3779296875 0.046875 0.052734375
5 0.27265625 0.4013671875 0.0421875 0.044921875
5 0.2828125 0.4169921875 0.046875 0.048828125
5 0.29375 0.4296875 0.04375 0.046875
5 0.29765625 0.443359375 0.0359375 0.0390625
5 0.31171875 0.46875 0.0421875 0.04296875
5 0.3203125 0.4833984375 0.04375 0.044921875
5 0.184375 0.373046875 0.034375 0.04296875
5 0.15703125 0.3798828125 0.0328125 0.052734375
5 0.0859375 0.416015625 0.034375 0.046875
5 0.01484375 0.5078125 0.0296875 0.0234375
5 0.00625 0.4833984375 0.0125 0.017578125
5 0.0203125 0.533203125 0.040625 0.04296875
5 0.0265625 0.5546875 0.0375 0.02734375
5 0.03828125 0.5712890625 0.0390625 0.033203125
5 0.08125 0.4541015625 0.040625 0.041015625
5 0.096875 0.482421875 0.040625 0.04296875
5 0.1140625 0.5029296875 0.034375 0.041015625
5 0.13671875 0.4658203125 0.0453125 0.052734375
5 0.153125 0.4892578125 0.0375 0.041015625
5 0.16875 0.498046875 0.04375 0.05078125
5 0.1765625 0.517578125 0.040625 0.046875
5 0.19140625 0.5263671875 0.0359375 0.037109375
5 0.19453125 0.5439453125 0.0421875 0.037109375
5 0.5515625 0.017578125 0.034375 0.03515625
5 0.5171875 0.244140625 0.040625 0.0859375
5 0.4671875 0.7490234375 0.05 0.111328125
5 0.44609375 0.884765625 0.0515625 0.11328125
