5 0.62578125 0.7890625 0.0140625 0.06640625
5 0.6453125 0.78515625 0.021875 0.06640625
5 0.74765625 0.5986328125 0.0171875 0.064453125
5 0.671875 0.7744140625 0.0125 0.060546875
5 0.7046875 0.78515625 0.03125 0.06640625
5 0.7390625 0.787109375 0.01875 0.05859375
5 0.7859375 0.791015625 0.03125 0.078125
5 0.825 0.7978515625 0.015625 0.060546875
5 0.853125 0.7919921875 0.0125 0.064453125
5 0.55234375 0.455078125 0.0484375 0.0234375
5 0.5515625 0.421875 0.05 0.02734375
5 0.553125 0.3828125 0.05 0.0234375
5 0.55 0.318359375 0.05 0.02734375
5 0.553125 0.2880859375 0.04375 0.021484375
5 0.54609375 0.2421875 0.0546875 0.05078125
