5 0.159375 0.2509765625 0.140625 0.185546875
5 0.08984375 0.3544921875 0.1390625 0.173828125
5 0.240625 0.130859375 0.134375 0.1640625
5 0.26484375 0.4189453125 0.1515625 0.197265625
5 0.1609375 0.5615234375 0.146875 0.189453125
5 0.33203125 0.353515625 0.1421875 0.1875
5 0.39609375 0.283203125 0.1140625 0.15234375
5 0.50859375 0.154296875 0.1359375 0.1796875
5 0.0328125 0.4462890625 0.065625 0.130859375
5 0.57734375 0.0771484375 0.1171875 0.154296875
5 0.84140625 0.7470703125 0.1484375 0.201171875
5 0.72265625 0.8720703125 0.1546875 0.208984375
5 0.9515625 0.310546875 0.090625 0.16015625
5 0.96484375 0.6123046875 0.0671875 0.123046875
