5 0.49296875 0.0810546875 0.0984375 0.091796875
5 0.4875 0.03125 0.075 0.0625
5 0.5203125 0.09765625 0.084375 0.09765625
5 0.54140625 0.1240234375 0.0921875 0.083984375
5 0.56328125 0.1708984375 0.1046875 0.087890625
5 0.58984375 0.2255859375 0.1140625 0.091796875
5 0.59296875 0.2783203125 0.1046875 0.087890625
5 0.59921875 0.3369140625 0.1203125 0.103515625
5 0.684375 0.185546875 0.1 0.09765625
5 0.79921875 0.228515625 0.0828125 0.109375
5 0.79609375 0.294921875 0.0953125 0.09375
5 0.8375 0.388671875 0.103125 0.0703125
5 0.89140625 0.375 0.0296875 0.1015625
5 0.73046875 0.408203125 0.1046875 0.0703125
5 0.76171875 0.4833984375 0.1140625 0.107421875
5 0.62265625 0.48046875 0.1078125 0.10546875
5 0.53828125 0.5380859375 0.0953125 0.072265625
5 0.646875 0.53125 0.1 0.09375
5 0.67734375 0.583984375 0.0890625 0.078125
5 0.703125 0.62109375 0.09375 0.11328125
5 0.46796875 0.62890625 0.0953125 0.109375
5 0.58515625 0.6474609375 0.1140625 0.099609375
5 0.61796875 0.7451171875 0.1140625 0.099609375
5 0.9171875 0.5302734375 0.1125 0.087890625
5 0.9265625 0.560546875 0.103125 0.08203125
5 0.92890625 0.6142578125 0.0953125 0.080078125
