1 0.1984375 0.5546875 0.0125 0.0390625
1 0.41484375 0.677734375 0.0140625 0.0234375
1 0.4421875 0.7119140625 0.01875 0.029296875
1 0.46953125 0.6962890625 0.0140625 0.029296875
1 0.5171875 0.6962890625 0.015625 0.025390625
1 0.56953125 0.7021484375 0.0140625 0.029296875
1 0.61953125 0.5546875 0.0140625 0.0390625
1 0.6609375 0.359375 0.009375 0.0234375
1 0.9046875 0.3125 0.0125 0.0234375
1 0.95625 0.259765625 0.009375 0.0234375
1 0.91640625 0.2021484375 0.0171875 0.029296875
1 0.59140625 0.509765625 0.0171875 0.03515625
