5 0.78203125 0.2431640625 0.0390625 0.056640625
5 0.565625 0.71875 0.05625 0.06640625
5 0.5734375 0.70703125 0.05625 0.06640625
5 0.5828125 0.6953125 0.05625 0.06640625
5 0.5953125 0.6826171875 0.053125 0.060546875
5 0.5984375 0.6689453125 0.053125 0.060546875
5 0.6078125 0.6591796875 0.053125 0.060546875
5 0.621875 0.64453125 0.053125 0.0546875
5 0.63203125 0.625 0.0578125 0.06640625
5 0.67109375 0.5576171875 0.0515625 0.064453125
5 0.71875 0.4619140625 0.059375 0.076171875
5 0.7453125 0.4326171875 0.059375 0.076171875
5 0.76484375 0.40234375 0.0578125 0.07421875
5 0.8390625 0.271484375 0.065625 0.05859375
5 0.8625 0.2431640625 0.053125 0.068359375
5 0.8640625 0.1904296875 0.03125 0.068359375
5 0.8953125 0.1953125 0.053125 0.0703125
