5 0.28515625 0.2333984375 0.0453125 0.033203125
1 0.45 0.61328125 0.0125 0.0234375
1 0.4328125 0.6591796875 0.0125 0.029296875
1 0.528125 0.6240234375 0.009375 0.025390625
1 0.5375 0.6435546875 0.0125 0.025390625
1 0.490625 0.634765625 0.0125 0.03125
1 0.4578125 0.6337890625 0.0125 0.029296875
1 0.475 0.6435546875 0.009375 0.025390625
1 0.48203125 0.65625 0.0109375 0.02734375
1 0.5453125 0.6630859375 0.009375 0.029296875
1 0.51171875 0.654296875 0.0109375 0.02734375
1 0.46640625 0.669921875 0.0109375 0.02734375
1 0.5296875 0.67578125 0.0125 0.02734375
1 0.521875 0.7490234375 0.0125 0.029296875
1 0.56015625 0.7421875 0.0109375 0.03125
1 0.571875 0.771484375 0.0125 0.02734375
1 0.64921875 0.7578125 0.0109375 0.02734375
1 0.634375 0.7939453125 0.0125 0.029296875
