5 0.375 0.1474609375 0.190625 0.287109375
5 0.5109375 0.05859375 0.1125 0.1171875
5 0.921875 0.4677734375 0.075 0.080078125
5 0.9875 0.5244140625 0.021875 0.087890625
5 0.92734375 0.587890625 0.0859375 0.1171875
5 0.87265625 0.640625 0.0734375 0.11328125
5 0.7109375 0.6552734375 0.078125 0.060546875
5 0.625 0.6982421875 0.084375 0.072265625
5 0.5328125 0.7451171875 0.084375 0.060546875
5 0.465625 0.8076171875 0.096875 0.080078125
5 0.4296875 0.8515625 0.075 0.0546875
5 0.33515625 0.9326171875 0.0734375 0.123046875
5 0.25 0.9814453125 0.090625 0.029296875
5 0.984375 0.6708984375 0.03125 0.060546875
5 0.9625 0.7060546875 0.071875 0.083984375
