5 0.04375 0.4423828125 0.015625 0.076171875
5 0.1171875 0.4501953125 0.015625 0.060546875
5 0.2125 0.4287109375 0.01875 0.056640625
5 0.2328125 0.4306640625 0.021875 0.060546875
5 0.33671875 0.416015625 0.0140625 0.05078125
5 0.36953125 0.4111328125 0.0171875 0.060546875
5 0.409375 0.4013671875 0.01875 0.056640625
5 0.43984375 0.3984375 0.0328125 0.05859375
5 0.46796875 0.388671875 0.0140625 0.05078125
5 0.4875 0.3916015625 0.015625 0.052734375
5 0.5078125 0.390625 0.028125 0.0546875
5 0.540625 0.3701171875 0.021875 0.048828125
5 0.559375 0.3779296875 0.021875 0.060546875
5 0.5734375 0.3798828125 0.0375 0.052734375
5 0.58671875 0.3583984375 0.0390625 0.052734375
5 0.6046875 0.2978515625 0.040625 0.029296875
5 0.6 0.3212890625 0.0375 0.041015625
5 0.59375 0.3408203125 0.040625 0.044921875
5 0.8234375 0.3359375 0.015625 0.05859375
5 0.77890625 0.33203125 0.0265625 0.05078125
5 0.76484375 0.322265625 0.0390625 0.05078125
5 0.76875 0.1787109375 0.040625 0.025390625
5 0.75390625 0.2158203125 0.0421875 0.037109375
5 0.74921875 0.2490234375 0.0421875 0.033203125
5 0.74921875 0.2744140625 0.0296875 0.033203125
1 0.1765625 0.5654296875 0.009375 0.025390625
1 0.1828125 0.5830078125 0.01875 0.033203125
