5 0.13828125 0.203125 0.0421875 0.05859375
5 0.16796875 0.146484375 0.0421875 0.05859375
5 0.32890625 0.52734375 0.0890625 0.0703125
5 0.34765625 0.474609375 0.0828125 0.06640625
5 0.36328125 0.4501953125 0.0859375 0.068359375
5 0.37890625 0.408203125 0.0828125 0.06640625
5 0.37734375 0.3837890625 0.0640625 0.048828125
5 0.40078125 0.365234375 0.0734375 0.0546875
5 0.41015625 0.3447265625 0.0765625 0.056640625
5 0.41796875 0.32421875 0.0671875 0.05078125
5 0.43515625 0.3076171875 0.0734375 0.056640625
5 0.4671875 0.2734375 0.071875 0.06640625
5 0.48359375 0.2509765625 0.0734375 0.056640625
5 0.496875 0.2314453125 0.071875 0.060546875
5 0.61640625 0.2578125 0.0671875 0.05078125
5 0.69609375 0.208984375 0.0640625 0.07421875
5 0.72734375 0.2177734375 0.0609375 0.072265625
5 0.75703125 0.2333984375 0.0609375 0.072265625
5 0.78828125 0.2431640625 0.0640625 0.076171875
5 0.82265625 0.2529296875 0.0640625 0.076171875
5 0.85234375 0.2666015625 0.0671875 0.083984375
5 0.88671875 0.28125 0.0640625 0.08203125
5 0.92265625 0.2890625 0.0640625 0.08203125
5 0.97734375 0.3017578125 0.0421875 0.056640625
