1 0.74609375 0.798828125 0.0171875 0.0234375
1 0.725 0.796875 0.015625 0.0234375
5 0.503125 0.46484375 0.059375 0.0390625
5 0.48203125 0.478515625 0.0515625 0.03515625
5 0.46484375 0.4990234375 0.0640625 0.041015625
5 0.44296875 0.5146484375 0.0640625 0.041015625
5 0.43046875 0.5302734375 0.0640625 0.041015625
5 0.4109375 0.5478515625 0.05 0.029296875
5 0.37734375 0.587890625 0.0546875 0.03125
5 0.39453125 0.5673828125 0.0640625 0.048828125
5 0.35078125 0.6005859375 0.0453125 0.029296875
5 0.3328125 0.62109375 0.06875 0.03125
5 0.30234375 0.63671875 0.0328125 0.02734375
5 0.2921875 0.6552734375 0.040625 0.025390625
5 0.28359375 0.671875 0.0640625 0.02734375
5 0.26328125 0.6875 0.0578125 0.03125
5 0.24296875 0.712890625 0.0703125 0.0390625
