5 0.07421875 0.4169921875 0.0640625 0.134765625
5 0.178125 0.4013671875 0.084375 0.146484375
5 0.27734375 0.384765625 0.0796875 0.14453125
5 0.38359375 0.3564453125 0.0609375 0.130859375
5 0.4828125 0.349609375 0.075 0.1484375
5 0.5890625 0.3310546875 0.08125 0.150390625
5 0.66953125 0.3212890625 0.0859375 0.154296875
5 0.86796875 0.2734375 0.0921875 0.1640625
5 0.05234375 0.5712890625 0.0796875 0.162109375
5 0.12109375 0.5693359375 0.0734375 0.119140625
5 0.2671875 0.5361328125 0.084375 0.158203125
5 0.715625 0.46484375 0.09375 0.17578125
5 0.51015625 0.8798828125 0.1015625 0.197265625
5 0.8984375 0.8076171875 0.0875 0.181640625
5 0.97109375 0.8076171875 0.0546875 0.166015625
5 0.09296875 0.9296875 0.0796875 0.13671875
5 0.1765625 0.9189453125 0.078125 0.154296875
5 0.3625 0.0888671875 0.04375 0.068359375
5 0.3359375 0.0859375 0.01875 0.0625
5 0.31640625 0.0478515625 0.0171875 0.052734375
5 0.6265625 0.0556640625 0.046875 0.037109375
5 0.4 0.0322265625 0.021875 0.052734375
5 0.42265625 0.029296875 0.0171875 0.05859375
5 0.2296875 0.0126953125 0.015625 0.025390625
5 0.36484375 0.0361328125 0.0203125 0.048828125
5 0.55 0.0625 0.040625 0.0390625
5 0.1953125 0.0146484375 0.015625 0.025390625
5 0.153125 0.025390625 0.01875 0.05078125
5 0.0953125 0.0185546875 0.0125 0.037109375
5 0.8265625 0.0185546875 0.01875 0.033203125
